Sref = 10.091133 
Cref = 0.820417 
Bref = 12.300000 
X_cg = 1.296598 
Y_cg = 0.044996 
Z_cg = 0.098671 
Mach = 0.000000 
AoA = 0.000000, 2.500000, 5.000000 
Beta = 0.000000 
Vinf = 100.000000 
Rho = 0.002377 
ReCref = 1000000.000000 
ClMax = -1.000000 
MaxTurningAngle = -1.000000 
Symmetry = NO 
FarDist = -1.000000 
NumWakeNodes = 64 
WakeIters = 3 
NumberOfControlGroups = 0 
Preconditioner = Matrix 
Karman-Tsien Correction = N 
Stability Type = 1 
